Pillars of Sky  (5022,628)  (4966,667)  (4966,611)  (5125,632)  (4910,655)  (4854,670)
West Pillar  (4892,929)  (4836,977)  (4837,873)  (4948,970)
Rhei Bank  (4616,402)  (4560,457)  (4572,346)  (4628,346)  (4672,402)  (4684,334)  (4504,509)
Coast of Takoro  (2229,3920)  (2173,3944)  (2173,3888)  (2229,3864)  (2285,3909)  (2140,3832)  (2117,3944)  (2196,3808)  (2341,3927)  (2061,3944)  (2397,3932)  (2451,3841)  (2005,3944)  (2453,3897)  (2509,3884)  (2509,3940)
Wall of Lizardmires  (4570,1117)  (4514,1130)
Arparet  (2222,215)  (2166,243)  (2278,196)  (2289,252)  (2137,187)  (2345,226)
High Veturfjoll  (627,600)  (571,611)  (564,555)
Border Mountains  (6002,139)  (5946,139)  (5967,83)  (6032,210)  (6109,241)  (5963,27)  (5788,253)
Kutur  (361,1734)  (305,1789)  (305,1733)  (361,1678)  (417,1678)  (417,1734)  (303,1677)  (346,1845)  (473,1668)
Forest of Mirgorond  (5447,2626)  (5391,2581)  (5484,2682)  (5447,2570)
Pathsmeet  (6001,1364)
Blizzardhills  (190,878)  (134,917)  (191,822)  (246,878)  (247,822)  (105,973)
Mount Theanos  (2142,1680)  (2086,1697)  (2198,1641)  (2198,1697)  (2119,1753)
Metterlink  (1911,273)
Thalassopolis  (2215,2031)
Sylvalenis  (3860,1524)  (3804,1535)  (3804,1479)  (3916,1530)  (3748,1527)  (3972,1541)
Cramthorn  (5921,2729)  (5865,2734)  (5865,2678)  (5976,2785)  (5920,2790)  (5834,2622)  (5890,2622)  (6032,2752)  (6032,2808)  (5976,2841)  (6052,2864)  (5846,2566)  (5902,2566)  (5996,2897)  (6108,2901)  (6052,2920)
Bay of Langrad  (2720,2961)
New Mosenna  (4998,2755)  (5014,2811)  (4986,2699)  (4958,2861)  (5014,2867)  (4951,2643)  (5007,2643)  (5063,2620)  (4958,2917)
Skeletonshore  (900,3768)  (844,3755)  (924,3824)  (900,3712)  (956,3712)  (843,3699)  (868,3847)  (961,3880)  (923,3656)  (905,3903)
Nargim Highland  (384,1151)  (328,1164)  (328,1108)  (439,1207)  (394,1095)  (440,1151)  (450,1085)  (272,1157)  (470,1263)  (496,1141)  (216,1156)
Buku Bay  (6162,3404)  (6106,3459)  (6106,3403)  (6217,3460)  (6218,3379)  (6104,3347)  (6161,3515)  (6050,3405)  (6273,3435)  (6273,3491)  (6055,3291)  (6111,3291)
Lautan Sea  (3656,2683)  (3600,2738)  (3600,2682)  (3711,2739)  (3656,2627)  (3712,2627)  (3712,2683)  (3598,2626)  (3655,2794)  (3599,2794)  (3544,2738)  (3544,2682)  (3767,2739)  (3758,2795)  (3543,2795)  (3768,2598)  (3768,2654)  (3542,2626)  (3488,2739)  (3488,2683)  (3823,2710)  (3823,2766)  (3487,2809)  (3824,2581)  (3824,2637)  (3486,2627)  (3863,2503)  (3432,2753)  (3432,2697)  (3879,2693)  (3879,2749)  (3880,2559)  (3880,2615)  (3430,2641)  (3807,2458)  (3376,2770)  (3376,2714)  (3935,2671)  (3935,2727)  (3936,2575)  (3374,2658)  (3320,2739)
Garagonia  (1169,2802)  (1113,2796)  (1118,2740)  (1231,2876)  (1123,2684)  (1252,2932)  (1251,2988)
Smugglers Hideout  (4238,2201)  (4182,2200)
Torreas  (2546,495)  (2490,550)  (2536,439)  (2592,439)  (2602,495)
No Ones Swamp  (2864,295)  (2808,285)  (2897,351)  (2841,351)  (2864,239)  (2797,229)  (2935,407)  (2879,407)  (2853,183)
Cave of Eternity  (5081,902)  (5025,944)  (5025,888)  (5136,958)
Pearl Sea  (3830,2923)  (3774,2938)  (3774,2882)  (3830,2867)  (3886,2867)  (3886,2923)  (3916,2979)  (3718,2937)  (3718,2881)  (3942,2822)  (3942,2878)  (3696,3057)  (3694,3001)  (3836,3065)  (3972,2934)  (3975,3058)  (3662,2945)  (3662,2889)  (4020,2990)  (3638,3055)  (3606,2999)  (3606,2943)  (3550,2950)
West Hot Sea  (4689,3839)  (4633,3894)  (4633,3838)  (4744,3895)  (4689,3783)  (4745,3783)  (4745,3839)  (4631,3782)  (4577,3890)  (4687,3727)  (4801,3805)  (4575,3834)  (4575,3778)  (4631,3726)  (4571,3722)
Scapea  (3514,2330)
North Rimereach  (24,391)  (50,447)  (0,335)  (36,503)
Krudaul  (874,346)  (818,399)  (894,402)  (895,290)  (930,346)  (951,273)  (762,404)
Straits of Nautis  (3394,2275)  (3338,2315)  (3380,2219)  (3450,2245)  (3430,2351)  (3285,2442)  (3394,2488)  (3239,2498)  (3396,2544)
Parghian Bay  (1696,1010)  (1640,1065)  (1665,954)  (1721,954)  (1681,1121)  (1625,1121)  (1665,898)  (1721,898)  (1777,897)  (1833,873)  (1858,1072)  (1731,1177)  (1675,1177)  (1669,842)  (1725,841)  (1875,929)  (1781,817)  (1891,1128)  (1788,1207)  (1893,985)  (1914,1041)  (1677,785)  (1970,1028)  (1687,729)
Greenflow  (5682,1094)
Waters of Mizuko  (2885,3795)  (2940,3851)  (2899,3739)  (2941,3795)  (2827,3905)  (2987,3907)  (2723,3801)  (2667,3831)  (2661,3944)  (2624,3888)  (2605,3944)
Kromokrad  (2361,2630)
Wingspire  (5382,434)
Dying Forest  (1166,1078)  (1110,1093)  (1196,1022)  (1222,1078)
Taurian Sea  (1594,1699)  (1538,1754)  (1538,1698)  (1600,1755)  (1594,1643)  (1650,1643)  (1650,1699)  (1536,1642)  (1544,1810)  (1482,1809)  (1706,1631)  (1721,1826)  (1762,1639)  (1769,1750)  (1777,1806)  (1815,1862)  (1825,1741)  (1833,1797)  (1871,1853)
Yra  (1989,2812)
Crimson Keep  (2318,1711)
Grandbricks  (3433,166)  (3377,176)  (3469,110)  (3489,166)  (3363,235)
Painterknoll  (3100,2207)  (3044,2187)  (3128,2263)  (3072,2263)  (3066,2131)  (3043,2319)  (3071,2075)
Lysestus  (1256,2766)  (1214,2710)  (1301,2827)
Ghostcoast  (5509,2166)  (5453,2121)  (5564,2222)  (5437,2065)  (5615,2278)
Crimsonplague Marsh  (1713,531)  (1657,565)  (1657,509)  (1754,587)  (1713,475)  (1769,519)
Blue Veturfjoll  (541,930)  (485,985)  (503,874)  (597,927)  (485,818)
Yrean Bay  (1976,2587)  (1920,2642)  (1920,2586)  (2031,2643)  (1976,2531)  (2032,2531)  (2032,2587)  (1918,2530)  (1947,2698)  (1864,2650)  (1864,2594)  (2087,2643)  (1974,2475)  (2030,2475)  (2088,2488)  (2088,2544)  (1862,2538)  (1879,2474)
Ephus  (1502,2346)
Piratebay  (2961,1404)  (3016,1460)  (2960,1460)  (2924,1348)  (2980,1348)  (3017,1404)  (2865,1298)  (2921,1292)  (2872,1517)  (2816,1548)  (2809,1295)  (2852,1604)  (2796,1604)  (2760,1517)  (2753,1303)  (2706,1360)  (2704,1472)  (2697,1304)  (2650,1401)
Ogger Sea  (2815,2131)  (2759,2141)  (2759,2085)  (2868,2187)  (2815,2075)  (2812,2197)  (2712,2029)  (2924,2208)  (2868,2243)  (2768,2019)  (2824,2019)  (2812,2253)  (2947,2264)  (2880,1994)  (2936,1981)
Medvedsk  (959,952)  (903,914)  (1001,1008)  (945,1008)  (959,896)  (1015,897)
Myletes  (1516,1901)  (1460,1899)  (1572,1882)  (1628,1877)
Supped  (2320,0)  (2376,0)  (2432,0)
Witches Demise  (2911,1875)  (2848,1880)  (3051,1855)  (3073,1793)  (3107,1849)
Belorek  (747,1610)
Kraken Sea  (4232,2381)  (4176,2436)  (4176,2380)  (4287,2437)  (4232,2325)  (4288,2325)  (4288,2381)  (4174,2324)  (4231,2492)  (4175,2492)  (4120,2436)  (4120,2380)  (4343,2437)  (4292,2493)  (4119,2493)  (4336,2269)  (4344,2325)  (4344,2381)  (4118,2324)  (4392,2221)  (4064,2437)  (4064,2381)  (4399,2437)  (4063,2546)  (4400,2277)  (4400,2333)  (4062,2325)  (4448,2201)  (4008,2490)  (4008,2434)  (4455,2389)  (4456,2257)  (4456,2313)  (4006,2378)
Chrysanthemum Tower  (5923,254)
Titans Fist  (3447,2887)  (3442,2978)  (3498,3018)
Tauris  (1388,1709)
Kai Zaruta  (3420,3579)
Gloomelm  (816,3283)  (760,3304)  (872,3279)  (742,3248)  (722,3192)  (704,3309)  (928,3250)  (686,3253)  (984,3216)  (984,3272)  (1040,3273)
Shivering Cave  (3290,1371)
Kolophus  (1272,2565)
Witchlake  (2790,75)
Coast of Andal  (2596,1107)  (2540,1162)  (2540,1106)  (2651,1163)  (2596,1051)  (2652,1051)  (2652,1107)  (2538,1050)  (2484,1133)  (2707,1193)  (2651,1219)  (2594,995)  (2482,1077)  (2518,994)  (2763,1191)  (2426,1099)  (2819,1198)
South Border Mountains  (6395,385)
Thymewild  (715,2385)  (659,2440)  (735,2441)  (675,2329)  (731,2329)  (787,2313)  (729,2497)  (711,2273)
Longpath  (5950,1555)  (5894,1610)  (5894,1554)  (5971,1611)  (5950,1499)  (6006,1499)  (6006,1555)  (5893,1498)  (5915,1666)  (5971,1667)  (6062,1553)
Gianthall  (579,723)
Bay of Lakeward  (3743,433)
Bend of Orut  (565,3039)
Blitzcreek Vale  (3152,3487)  (3096,3521)  (3096,3465)  (3207,3543)  (3152,3431)  (3208,3462)  (3263,3518)  (3263,3574)
Snegles  (632,1139)  (576,1194)  (576,1084)  (686,1195)  (632,1083)  (688,1130)  (625,1027)
Saphire Lake  (6374,1042)  (6430,1094)  (6318,1044)  (6301,988)  (6436,948)
Pearl Islands  (3762,3005)
Feuerspitz  (1693,3556)  (1637,3585)  (1637,3529)  (1606,3473)  (1874,3562)
Umbrata  (3748,2345)  (3692,2398)  (3722,2289)  (3836,2378)  (3641,2454)  (3883,2434)  (3741,2209)  (3892,2377)
Floating Forest  (4625,591)  (4569,644)  (4569,588)  (4656,535)  (4681,591)  (4737,566)
Weegorn  (5488,509)  (5432,510)
Oakland  (3980,2005)  (3925,1949)  (4036,2018)  (3980,2061)  (3981,1938)  (4050,2074)  (4053,2130)
Ravencave  (6349,1799)
Tarkhiot  (1554,927)
Hla Estuary  (4599,1636)
Smertles  (1169,1449)  (1113,1504)  (1113,1448)  (1224,1505)  (1169,1393)  (1225,1421)  (1111,1392)  (1057,1481)  (1280,1477)
Mount Saint Crey  (2395,297)  (2451,280)  (2329,328)
El Tebw Zarah  (1300,3443)
Zaruta  (3433,3373)  (3377,3428)  (3489,3334)  (3496,3278)  (3321,3441)  (3401,3241)  (3284,3385)  (3457,3222)  (3513,3222)
Beardenshire  (3280,362)  (3224,343)  (3280,306)  (3328,427)  (3384,466)  (3168,343)  (3112,352)
Saint Ogathe  (1618,193)  (1674,215)  (1543,190)  (1683,271)  (1506,134)  (1730,215)  (1487,202)
Taakorn Pass  (5423,768)
Shinjima  (4309,3496)
Muddy Lake  (2728,299)
Crownlands  (2813,3545)  (2757,3582)  (2757,3526)  (2868,3601)  (2813,3489)  (2757,3470)  (2924,3586)  (2924,3642)
Westmost Lizardmire  (4154,1661)  (4098,1618)  (4209,1717)  (4153,1717)  (4154,1605)  (4210,1654)
Mistford  (5443,1119)
Upper Metterlink  (1936,-2)
Tomb Pass  (5519,2358)
Orutford  (856,1943)
New Zaruta  (3894,3622)  (3838,3596)  (3988,3672)  (3782,3584)  (4044,3696)
Whirlwood  (4614,3487)  (4670,3463)  (4595,3543)  (4539,3542)
Heimard  (460,455)  (455,399)
Inner Sea  (4335,3155)  (4279,3210)  (4279,3154)  (4390,3211)  (4335,3099)  (4391,3099)  (4391,3155)  (4277,3098)  (4334,3266)  (4278,3266)  (4223,3210)  (4223,3154)  (4446,3211)  (4222,3267)  (4447,3064)  (4447,3120)  (4221,3098)  (4211,3042)  (4167,3211)  (4167,3155)  (4502,3176)  (4502,3232)  (4503,3069)  (4165,3099)  (4155,3043)  (4111,3202)  (4558,3125)  (4558,3181)  (4109,3146)  (4099,3090)  (4614,3118)  (4614,3174)
Dukeshunt  (3292,29)  (3236,84)  (3236,28)  (3316,85)  (3348,0)  (3372,56)  (3180,22)  (3404,0)
Fishershore  (4224,799)  (4168,793)  (4259,855)  (4203,855)  (4224,743)  (4280,749)  (4254,911)  (4212,687)
Upper Belorek  (402,1322)
Pass of the Invaders  (6259,363)
Landshards  (5569,1886)
Mirai  (4218,425)  (4162,461)  (4187,369)  (4243,369)  (4274,425)  (4134,517)  (4106,461)  (4220,313)  (4330,408)
Bontam  (6197,3144)  (6141,3181)  (6141,3125)  (6253,3139)  (6309,3148)
Falcon Tribe  (736,2672)  (680,2643)  (787,2728)  (736,2616)  (677,2587)  (756,2784)  (621,2642)  (760,2840)
Blutar  (2369,1592)  (2313,1573)  (2424,1648)  (2293,1517)  (2480,1685)  (2237,1564)  (2237,1508)  (2507,1741)  (2451,1741)  (2181,1561)  (2181,1505)  (2477,1797)
Endless Waters  (6039,3887)  (5983,3942)  (5983,3886)  (6094,3943)  (6039,3831)  (6095,3831)  (6095,3887)  (5981,3830)  (5927,3944)  (5927,3888)  (6150,3943)  (6151,3855)  (5925,3832)  (5871,3944)  (6206,3911)  (6262,3944)
Lushgarth  (4489,886)  (4433,941)  (4464,830)  (4520,830)  (4545,886)
Gol Adwren  (1806,3462)  (1750,3463)
Whitewade  (410,2297)
Murkdale  (3189,1666)  (3133,1721)  (3245,1636)
Wizardvale  (1709,3349)  (1653,3376)  (1653,3320)  (1729,3293)  (1785,3296)  (1688,3432)  (1597,3374)
Tarkhiotia  (1413,1033)  (1357,1088)  (1357,1032)  (1453,1089)  (1413,977)  (1469,1020)  (1355,976)  (1509,1076)  (1397,1144)  (1299,994)  (1453,1167)  (1558,1132)
Almasd  (2389,123)  (2333,139)  (2476,190)  (2517,246)  (2532,184)  (2588,197)
White Bridge  (4009,1684)
Progenitors Coffin  (44,1337)
West Night Mountains  (2123,3102)  (2067,3157)  (2067,3101)  (2078,3045)
Rumbling Rocks  (1927,3313)  (1966,3369)  (1860,3284)  (1839,3228)  (2007,3425)  (1951,3436)  (1783,3216)
Birchpass  (2315,3093)
Stubborn Slopes  (409,1523)  (353,1578)  (353,1522)  (444,1579)  (409,1467)  (297,1600)  (407,1411)  (241,1573)
Bisontown  (160,1791)
Beetlerow  (5663,1165)  (5607,1212)  (5742,1158)  (5551,1222)  (5798,1157)  (5854,1143)
Altweinberg  (1593,3710)  (1589,3654)
Huh Sesseh  (4405,1039)  (4349,1094)  (4349,1038)  (4461,1006)  (4347,982)  (4517,996)
North Skylake  (3966,673)  (3910,728)  (3910,672)  (4021,729)  (3966,617)  (4022,617)  (4022,673)  (3909,616)  (3965,784)  (3909,784)  (3854,728)  (3854,672)  (4077,729)  (3965,561)  (4078,583)  (4078,639)  (3798,720)  (4133,695)  (3954,505)  (4134,590)  (3742,682)  (3686,644)
Brambledale  (4631,1204)  (4575,1253)  (4687,1158)  (4743,1141)
Elyria  (2173,2458)  (2117,2418)  (2200,2514)  (2173,2402)  (2167,2570)
Mednogorod  (900,1222)
Nightlords Knoll  (4127,1142)  (4071,1197)  (4071,1141)  (4183,1102)  (4055,1085)
Tormentors Keep  (285,3640)
Canyon River  (5461,605)
Mottlegrass  (1834,178)  (1778,147)  (1857,234)  (1834,122)  (1764,91)  (1851,290)
Tzil Lih  (4475,1521)
Upper Orut  (25,3071)  (381,3107)
Lushpath  (5840,1330)  (5784,1288)  (5884,1386)  (5828,1386)  (5840,1274)  (5896,1274)  (5741,1232)  (5836,1442)
Liluzif  (4971,1315)  (4915,1330)  (5012,1371)  (4927,1259)  (4983,1259)  (4975,1203)
Foolswood  (3131,1979)  (3075,1995)  (3075,1939)  (3186,2035)  (3242,1993)
Feytal  (3199,2349)  (3143,2392)  (3217,2293)
Little Orut  (611,2312)
Nosta  (6304,1964)  (6248,1963)
Transnostia  (6443,2146)  (6444,2202)  (6428,2090)  (6444,2258)  (6398,2034)
Whitecreek  (184,1266)  (128,1317)  (128,1261)  (240,1231)  (129,1205)
Upper Snakewater  (2946,84)
Gol Nea  (5436,3434)
Garagon  (1046,2732)  (1044,2676)  (1050,2788)
Kastelar  (2428,412)  (2372,414)
Warlockshaven  (3414,697)
Parrotheights  (2686,1707)
El Gaur  (836,3167)
Uphoron  (2271,3203)  (2215,3232)  (2215,3176)  (2327,3187)  (2159,3225)  (2383,3174)
Murkweald  (4871,1107)  (4815,1096)  (4910,1163)  (4854,1163)  (4871,1051)  (4927,1065)
Zimsk  (825,669)  (769,724)  (769,668)  (880,725)  (825,613)  (881,654)  (767,612)  (889,781)  (833,781)  (726,556)  (782,556)  (741,500)
Saltrock  (4845,3693)
Moonpath  (6148,1352)  (6190,1408)  (6134,1408)  (6102,1296)  (6158,1296)  (6204,1352)  (6170,1464)  (6114,1464)  (6091,1240)  (6147,1240)
Hezif  (4872,1555)  (4816,1576)  (4928,1536)  (4764,1662)  (4760,1606)  (4983,1592)  (4984,1497)
Mizuko  (2757,3870)
Laian  (155,3163)  (99,3163)  (142,3107)
Gloria Island  (3728,2540)
Kingswine  (1427,3795)  (1371,3813)  (1455,3739)  (1315,3808)  (1454,3683)  (1259,3813)  (1259,3757)  (1443,3627)  (1499,3620)  (1555,3592)  (1219,3701)
Orutflood  (947,2003)  (891,2058)  (950,2059)  (950,1947)  (1006,1944)  (841,2114)  (968,1888)  (1024,1888)  (785,2155)
Derenbloom  (3504,1507)  (3448,1518)  (3448,1462)  (3560,1476)  (3591,1532)  (3392,1547)  (3392,1491)  (3647,1537)  (3336,1523)
Fissure of Spilt Blood  (2749,1831)
Artaldan  (3272,2179)  (3216,2180)
Wormvale  (1045,3077)  (989,3132)  (989,3076)  (1100,3133)  (1045,3021)  (987,3020)  (1112,3189)  (991,2964)
The Sunken Islands  (5014,1933)  (5000,1989)
Snakewater Bank  (3042,126)  (3069,182)  (3001,70)  (3057,70)  (3125,229)  (3000,14)  (3056,14)
Salmonhaven  (2120,1242)
Yellow Coast  (6181,2832)  (6125,2814)  (6189,2776)  (6241,2934)  (6209,2720)  (6221,2990)  (6229,2664)  (6223,3046)
Derenborough  (3507,1627)
Great Spice Sea  (4891,3215)  (4835,3270)  (4835,3214)  (4946,3271)  (4891,3159)  (4833,3158)  (4890,3326)  (4834,3326)  (4779,3270)  (4779,3214)  (5002,3250)  (5002,3306)  (4946,3327)  (4778,3327)  (4889,3103)  (4777,3158)  (5019,3085)  (4945,3061)  (4723,3271)  (4723,3215)  (4722,3348)  (5075,3031)  (5075,3087)  (5001,3029)  (5131,3047)  (5131,3103)
Taos  (5888,2135)
Cyclopis  (1741,2013)  (1715,2069)
Mintmeadow  (1009,526)  (953,541)  (1065,502)  (1115,574)  (897,558)
Mount Saint Eretha  (2618,356)  (2562,346)  (2683,395)  (2713,451)  (2728,507)  (2769,425)
Nostian Mountains  (6410,1912)  (6444,1968)
Hot Sea  (5099,3901)  (5043,3944)  (5043,3888)  (5155,3874)  (5155,3930)  (4987,3944)  (5211,3890)  (4979,3803)  (5050,3754)  (4951,3747)  (5106,3746)  (4931,3944)  (5267,3892)  (5162,3732)  (4899,3888)  (4875,3944)
Iovis  (3852,2076)
Chernagora  (1047,1314)  (1025,1370)  (1009,1258)  (1065,1258)  (969,1392)  (984,1448)
Talonmede  (4771,231)  (4715,245)  (4715,189)  (4826,287)  (4827,226)  (4693,133)  (4882,282)  (4838,343)  (4782,343)
Garagondale  (1375,3341)  (1424,3397)  (1319,3327)  (1298,3271)  (1480,3375)  (1263,3328)  (1242,3272)
Waters of Tarable  (2188,928)  (2132,983)  (2132,927)  (2243,984)  (2188,872)  (2130,871)  (2076,1006)  (2076,950)  (2299,952)  (2299,1008)  (2243,1040)  (2186,816)  (2074,894)  (2074,838)  (2130,815)  (2020,962)  (2355,951)  (2355,1007)  (2186,760)  (2018,906)  (2018,850)  (2018,794)  (2124,759)  (2411,920)  (2411,976)  (1962,885)  (1962,829)  (2467,865)  (2467,921)  (2507,792)  (2523,848)
Cyrenia  (969,2214)  (913,2238)  (913,2182)  (1024,2270)  (857,2260)  (857,2204)  (1080,2221)
Lucotia  (3662,1139)  (3606,1157)  (3606,1101)  (3683,1195)  (3745,1116)  (3567,1045)  (3763,1038)  (3801,1094)
Spiritwell  (519,2315)  (529,2371)
Shield of Lone Peak  (4996,184)  (4907,209)
Thalassopontus  (1924,2023)  (1868,2058)  (1980,2023)  (1844,2114)  (1788,2151)  (1788,2095)  (1775,1925)  (1793,2207)  (1737,2207)  (1732,2151)  (1719,1941)  (1681,2209)  (1676,2153)  (1664,1997)  (1620,2207)  (1620,2151)  (1608,2022)  (1588,2095)  (1564,2156)
Pineland  (180,1473)  (124,1528)  (124,1472)  (180,1417)  (236,1477)
Threecreek  (5202,479)  (5146,534)  (5146,478)  (5202,535)  (5204,423)  (5258,479)  (5260,421)  (5090,537)  (5090,481)  (5034,488)
New Taurland  (1258,1622)  (1202,1642)  (1314,1600)  (1330,1544)  (1146,1650)  (1386,1514)  (1386,1570)  (1109,1594)  (1442,1537)
Hellgate  (676,3851)
Parlos  (3393,1183)  (3337,1235)  (3337,1179)  (3442,1239)  (3393,1127)  (3449,1127)  (3449,1183)  (3281,1214)
Rocky Fairridge  (4000,1443)  (3944,1445)  (4055,1499)  (3934,1389)  (4111,1448)  (4111,1504)  (3878,1437)
Prophetspire  (1570,304)
Hlasink  (4024,1287)  (3981,1168)  (4080,1299)  (4136,1320)  (3929,1095)
Hotehote  (5648,287)  (5592,342)  (5592,286)  (5648,231)  (5704,247)  (5632,398)
Splitting of Orut  (454,2545)  (451,2601)
Greenflow Bend  (5263,1088)
Itzel  (4506,1712)  (4450,1760)  (4450,1704)  (4561,1768)  (4506,1656)  (4562,1700)  (4394,1768)  (4394,1712)  (4617,1756)  (4597,1824)  (4338,1755)
Wind Steppes  (696,1713)  (640,1768)  (640,1712)  (735,1769)  (752,1672)  (638,1656)  (791,1728)  (670,1824)  (614,1824)  (584,1717)  (808,1665)  (582,1661)  (582,1605)
Strait of Ogi  (4058,3396)  (4002,3451)  (4002,3395)  (4113,3452)  (4058,3340)  (4114,3340)  (4114,3396)  (3946,3443)  (4170,3351)  (3956,3533)  (3983,3589)  (4132,3725)
Lower Snakewater  (3242,549)
Mayemaye  (5204,3815)
Sestus  (1412,3039)  (1356,3094)  (1356,3038)  (1468,3035)  (1342,2982)  (1524,3053)  (1580,3057)  (1636,3065)
Hlatown  (4091,894)  (4088,838)
Crossings of Greenflow  (5098,1290)
Rumside  (3108,1509)  (3122,1565)  (3113,1453)  (3083,1621)
Atal Vokrut  (70,1684)  (14,1739)  (14,1683)  (70,1628)  (126,1628)  (12,1627)  (44,1795)  (182,1630)  (0,1571)  (219,1686)  (50,1851)  (0,1515)
Aragh  (2965,1601)
Chee Trei  (4367,23)  (4311,78)  (4311,22)  (4423,0)  (4255,88)  (4255,32)  (4479,0)  (4527,56)  (4199,74)  (4199,18)  (4535,0)  (4583,56)
Horrorcape  (3071,2621)  (3015,2676)  (3015,2620)  (3126,2677)  (3127,2572)  (2959,2680)  (2959,2624)  (3182,2628)  (3182,2684)  (3183,2558)  (2953,2504)  (2944,2568)  (2903,2633)  (3238,2614)  (3238,2670)  (2945,2448)  (2933,2392)
Turtlereed  (3206,628)  (3262,653)  (3166,551)  (3176,495)
Torro  (2243,1244)
Tronjwood  (565,49)  (509,76)  (509,20)  (620,105)  (621,0)
Crimson Bay  (2449,1956)  (2393,2011)  (2393,1955)  (2504,2012)  (2449,1900)  (2505,1900)  (2505,1956)  (2391,1899)  (2337,2031)  (2337,1975)  (2560,2012)  (2540,2068)  (2484,2068)  (2561,1918)  (2335,1919)  (2360,1843)  (2616,1974)  (2616,2030)
Ogi  (4187,3552)  (4131,3572)  (4242,3608)  (4176,3496)
Traders Sea  (3654,2087)  (3598,2094)  (3598,2038)  (3693,2031)  (3710,2087)  (3548,1982)  (3527,2135)  (3514,2191)  (3492,1986)  (3492,1930)  (3548,1926)  (3458,2169)  (3931,2169)  (3962,2225)  (3963,2281)  (4018,2215)
Waves of Souls  (6387,2825)  (6331,2880)  (6331,2824)  (6442,2881)  (6387,2769)  (6443,2769)  (6443,2825)  (6329,2768)  (6386,2936)  (6330,2936)  (6275,2874)  (6444,2937)  (6385,2713)  (6441,2713)  (6309,2712)  (6388,2992)  (6332,2992)  (6444,2993)  (6365,2657)  (6421,2657)  (6308,2656)  (6388,3048)  (6282,2588)
Pertos  (2686,641)  (2630,629)  (2741,697)  (2686,585)  (2574,629)
Blossoming Forest  (4685,816)  (4629,845)  (4629,789)  (4740,872)  (4685,760)  (4741,760)  (4741,816)  (4616,733)  (4684,901)  (4672,704)  (4728,704)  (4635,957)
Hordes Crossing  (548,1448)
Flying wall  (5084,386)  (5140,374)
West Akayama  (4665,3566)
Wraith Marsh  (2812,5)  (2867,61)  (2868,0)
Wrymist  (5471,1003)  (5415,1004)  (5527,981)  (5537,1037)  (5359,1024)  (5583,965)  (5593,1021)  (5649,1011)
Waters of Ephus  (1696,2407)  (1640,2462)  (1640,2406)  (1751,2463)  (1696,2351)  (1752,2351)  (1752,2407)  (1638,2350)  (1695,2518)  (1639,2518)  (1584,2462)  (1781,2519)  (1583,2519)  (1694,2295)  (1750,2295)  (1808,2311)  (1808,2367)  (1808,2423)  (1615,2294)  (1725,2574)  (1669,2574)  (1528,2462)  (1613,2575)
Nova Catulis  (4882,2765)
Crocodile Ford  (5295,2530)
Wall of Feneth  (3269,3277)  (3195,3227)  (3180,3171)  (3325,3303)  (3186,3115)  (3381,3305)
Fairy Lake  (5739,2909)  (5768,2965)  (5712,2965)  (5733,2853)  (5789,2853)  (5656,2990)  (5845,2824)  (5871,2880)
Steelgate  (2122,3699)
Antler Cape  (1861,1469)  (1913,1525)  (1857,1525)  (1859,1413)  (1880,1581)  (1824,1581)  (1813,1357)  (1710,1319)  (1812,1301)  (1654,1355)  (1654,1299)  (1622,1243)  (1598,1318)  (1566,1262)
Ko  (5068,742)
Tracht  (1813,3891)  (1757,3944)  (1757,3888)  (1813,3835)  (1869,3835)  (1869,3891)  (1834,3779)  (1890,3779)
Honey Coast  (6124,2453)  (6068,2473)  (6180,2414)  (6180,2470)  (6012,2479)  (6236,2451)  (6286,2507)  (5956,2481)  (6342,2499)
Crab Sea  (3744,3249)  (3688,3299)  (3688,3243)  (3799,3305)  (3681,3187)  (3737,3157)  (3793,3152)  (3849,3144)  (3632,3292)  (3855,3273)  (3625,3165)  (3681,3131)  (3905,3136)  (3569,3138)  (3998,3241)  (4005,3185)
Reedbank  (341,2460)  (285,2407)  (386,2516)  (341,2404)  (283,2351)  (393,2572)  (304,2295)  (391,2628)
Naurdale  (2535,3313)  (2479,3357)  (2479,3301)  (2576,3369)  (2591,3278)  (2466,3245)  (2522,3245)  (2632,3334)
Lands of the Impure  (1433,1363)  (1377,1418)  (1377,1362)  (1453,1419)  (1433,1307)  (1489,1349)
Anger Island  (2842,2371)
Snowfall Highlands  (1105,329)  (1049,384)  (1049,328)  (1160,385)  (1105,273)  (1161,273)  (1047,272)  (993,419)
Barleymede  (2250,437)  (2194,492)  (2194,436)  (2305,493)  (2306,414)  (2192,380)  (2136,387)  (2196,324)
Badburgeon  (5431,0)  (5375,55)  (5487,0)  (5319,66)  (5319,10)  (5543,0)  (5263,50)  (5599,0)
West Ghostlake  (557,3837)  (565,3893)  (564,3781)
Frozen Lake  (330,19)  (386,0)  (299,75)  (243,119)
Lower Orut  (962,1813)
Whisperleaves  (5768,955)  (5712,957)  (5712,901)  (5823,1011)  (5768,899)  (5824,937)  (5767,1013)  (5656,934)  (5734,843)
Basil Coast  (5637,1599)  (5693,1635)  (5591,1543)  (5749,1638)  (5505,1566)
Sinnergrave  (1270,768)  (1214,779)  (1214,723)  (1318,824)  (1326,720)  (1262,835)  (1374,779)  (1158,697)
Thickets of Heimard  (349,330)  (293,377)  (293,321)  (405,314)
Nzanga Jungle  (5692,3393)  (5684,3449)  (5723,3337)  (5779,3306)  (5779,3362)  (5673,3505)  (5835,3340)  (5617,3539)
Anghart  (89,207)
Cape of Horrors  (3092,2472)  (3148,2485)
Long Strange Island  (5988,2069)  (5932,2059)  (6044,2095)
Wolfcrags  (14,2912)  (70,2948)  (14,2968)  (126,2949)  (0,2798)  (0,2742)  (56,2727)
Mornstar Lake  (3578,245)
Parlvik County  (5289,1221)  (5233,1276)  (5233,1220)  (5300,1277)  (5289,1165)  (5345,1196)  (5231,1164)  (5356,1252)
Spiceport  (5128,3355)  (5072,3359)
Upper Tronjrond  (589,280)  (594,336)  (538,336)  (567,224)  (623,224)  (679,190)  (574,392)  (735,189)
Yrea  (2190,2786)  (2134,2841)  (2134,2785)  (2245,2842)  (2190,2730)  (2246,2730)  (2246,2786)  (2301,2842)  (2245,2898)  (2157,2674)  (2213,2674)
Peatmoss  (5178,108)  (5122,105)  (5233,164)  (5178,52)  (5118,49)  (5289,163)  (5062,90)
Ring of Gods  (4296,2826)  (4240,2881)  (4240,2825)  (4351,2882)  (4296,2770)  (4352,2770)  (4352,2826)  (4238,2769)  (4293,2937)  (4237,2937)  (4408,2751)  (4182,2748)  (4270,2713)  (4181,2944)  (4160,2692)  (4440,2682)  (4462,2993)  (4464,2738)  (4126,2748)  (4485,2867)  (4105,2636)  (4161,2636)  (4104,2692)  (4400,2626)  (4456,2626)  (4496,2682)  (4503,2794)  (4086,2870)  (4511,2923)  (4512,2610)  (4077,2814)  (4308,2605)  (4520,2738)  (4070,2758)  (4217,2585)  (4049,2636)  (4048,2702)  (4364,2570)  (4420,2570)  (4552,2666)  (4476,2554)  (4014,2787)
Emperor Peak  (3615,2351)
Greenflow Estuary  (5033,1449)
Lower Metterlink  (1942,484)
Nagi  (4393,3627)  (4373,3683)  (4449,3615)
Ktatu Ire  (5978,3165)  (5922,3220)  (6002,3221)  (5979,3109)  (6035,3084)  (5946,3276)  (6091,3036)  (6026,3028)
North Veturfjoll  (741,46)
Faunwood  (6153,1701)  (6097,1756)  (6097,1700)  (6208,1757)  (6153,1645)  (6209,1645)  (6209,1701)  (6041,1665)  (6155,1589)  (6211,1589)
Tarable  (2318,839)
Upper Deren  (3787,1596)
Sea of Zaruta  (3652,3478)  (3596,3533)  (3596,3477)  (3693,3534)  (3652,3422)  (3708,3422)  (3708,3478)  (3594,3421)  (3637,3589)  (3581,3589)  (3540,3533)  (3540,3477)  (3694,3590)  (3650,3366)  (3706,3366)  (3764,3373)  (3764,3429)  (3764,3485)  (3592,3365)  (3638,3645)  (3582,3645)  (3820,3381)  (3820,3437)  (3876,3388)
Herring Sea  (2390,1279)  (2445,1335)  (2389,1335)  (2336,1223)  (2392,1223)  (2446,1279)  (2448,1221)  (2333,1360)  (2501,1335)  (2501,1391)  (2445,1391)  (2389,1391)  (2277,1391)  (2309,1167)  (2365,1167)  (2502,1277)  (2333,1416)  (2557,1333)  (2557,1389)  (2221,1390)  (2558,1266)  (2198,1099)  (2142,1126)  (2086,1126)  (2054,1070)  (2044,1339)  (2030,1151)  (2006,1283)  (2005,1227)  (1988,1342)  (1974,1171)  (1950,1286)  (1949,1230)  (1932,1362)
Coalridge  (2606,3658)  (2550,3677)  (2550,3621)  (2661,3714)  (2606,3602)  (2662,3612)  (2603,3733)  (2512,3565)  (2603,3789)  (2547,3811)
Foghill  (5533,835)  (5477,890)  (5521,779)  (5577,779)  (5589,835)  (5633,775)  (5421,885)  (5645,831)  (5365,892)
Lake of Tears  (1290,295)
Derenbrightfield  (3969,1787)  (3913,1830)  (3913,1774)  (4024,1843)  (4025,1787)  (3899,1718)  (4080,1843)  (3874,1662)  (4136,1843)
Greenhaze  (5555,1387)  (5610,1443)  (5554,1443)  (5503,1331)  (5559,1331)  (5611,1387)  (5666,1443)
Taurland  (1227,1822)  (1171,1877)  (1171,1821)  (1241,1878)  (1227,1766)  (1283,1767)  (1297,1823)  (1115,1791)
Seadom  (2215,2163)  (2159,2212)  (2159,2156)  (2271,2142)  (2103,2148)  (2327,2110)
Upper Little Hla  (3870,1082)
Tzil Zitu  (4855,1437)
Melosa  (486,3184)  (430,3239)  (430,3183)  (542,3147)  (441,3295)  (385,3295)  (598,3124)  (624,3046)  (654,3102)
Coast of Nzanga  (5936,3621)  (5880,3676)  (5880,3620)  (5991,3677)  (5936,3565)  (5992,3565)  (5992,3621)  (5878,3564)  (5935,3732)  (5879,3732)  (5824,3676)  (5824,3620)  (6047,3677)  (5945,3509)  (6001,3509)  (6048,3565)  (6048,3621)  (5768,3685)  (5768,3629)  (5712,3658)
Heluz  (5244,2086)  (5269,2142)  (5213,2142)  (5249,2030)  (5260,2198)  (5204,2198)
Cyrene  (1061,2110)
Lake Podon  (3167,861)
Ricebridge  (4249,549)
Greatshield  (3093,2768)  (3037,2781)  (3178,2757)
Riverrush  (5454,175)  (5398,230)  (5398,174)  (5474,231)  (5456,119)  (5512,117)
Lower Tierk  (1359,876)
Pillars of Zin  (3168,3326)
Waterlily Lake  (505,1800)
Tearcreek  (1685,16)  (1629,71)  (1629,15)  (1695,72)  (1741,0)  (1596,127)  (1573,34)  (1702,128)  (1797,0)  (1853,0)
Strait of Nagi  (4464,3415)  (4408,3421)  (4408,3365)  (4473,3471)  (4465,3359)  (4520,3415)  (4521,3358)  (4352,3383)  (4577,3339)  (4577,3395)  (4633,3376)  (4505,3690)  (4449,3701)
Night Mountains  (2452,3018)  (2451,3074)  (2473,2962)  (2461,3130)  (2508,2906)
Vasovar  (2217,90)
Zan  (4588,3247)
Stormward  (222,1008)
Kard  (1060,78)
Star Peak  (1246,1164)  (1336,1237)  (1145,1249)  (1145,1193)
Neatherdshire  (3698,29)  (3745,85)  (3754,0)  (3801,103)  (3559,0)
South Rimereach  (178,628)  (122,663)  (122,607)  (233,684)  (178,572)  (100,551)  (177,719)  (273,740)
Shallow Sea  (5877,2212)  (5907,2268)  (5820,2163)  (5963,2274)  (5987,2158)  (5762,2135)  (5994,2330)  (5938,2330)  (6019,2274)  (5706,2135)  (6050,2330)  (5992,2386)  (6075,2268)
Pass of Kolophus  (1132,2518)
Wildbog  (3773,1282)  (3717,1337)  (3717,1281)  (3815,1338)  (3773,1226)  (3829,1217)  (3728,1393)  (3661,1332)
Gemgate  (837,226)
Oundar  (6402,1690)
Steppes End  (857,2938)  (801,2993)  (801,2937)  (911,2994)  (857,2882)  (913,2882)  (913,2938)  (855,3049)  (799,3049)  (745,2993)  (820,2826)  (876,2826)  (932,2826)  (743,3051)  (930,2770)
Novdalin  (934,1108)  (878,1107)  (990,1102)  (1003,1158)  (809,1131)  (1059,1155)
Thoreim  (197,263)  (141,318)  (199,207)
Sourcoast  (5784,2389)  (5728,2417)  (5831,2445)  (5821,2333)  (5840,2389)  (5691,2361)  (5635,2399)
Tere Adw  (1094,3583)  (1038,3638)  (1038,3582)  (1132,3639)  (1094,3527)  (1150,3531)  (1036,3526)  (1188,3587)  (1044,3694)  (980,3561)  (980,3505)  (924,3499)
Basalt Gate  (2310,3575)
Drumming Birchland  (5855,708)  (5799,763)  (5799,707)  (5911,672)  (5933,616)  (5753,651)  (5743,748)  (5967,672)  (5989,614)  (5697,692)  (6023,670)
Lower Deren  (4172,1787)
Areipha  (6192,783)  (6219,839)  (6148,727)  (6204,727)  (6248,783)
Artal Peninsula  (3382,2078)  (3326,2071)  (3438,2051)
Crab Islands  (3840,3207)
Chillvale  (5809,80)  (5753,135)  (5753,79)  (5809,24)  (5865,26)  (5865,82)
Pergetes  (1413,1993)  (1357,2048)  (1357,1992)  (1465,2049)  (1469,1979)  (1355,1936)  (1525,1979)
Hauna Highland  (6091,349)  (6035,343)  (6146,405)  (6159,461)
Duchy of Laian  (193,3268)  (137,3289)  (238,3324)  (249,3229)  (182,3345)  (262,3173)  (71,3254)  (36,3198)  (35,3142)  (15,3258)
Alea  (3163,1027)  (3107,1044)  (3107,988)  (3207,1083)  (3163,971)  (3219,994)
Clamgalore  (6181,2205)
Centaurs Path  (6057,1147)  (6001,1202)  (6109,1091)  (6165,1072)  (6165,1128)
Waters of Nova Catulis  (4726,2894)  (4670,2949)  (4670,2893)  (4781,2950)  (4726,2838)  (4782,2840)  (4668,2837)  (4725,3005)  (4669,3005)  (4614,2949)  (4614,2893)  (4837,2896)  (4837,2952)  (4781,3006)  (4613,3006)  (4724,2782)  (4612,2837)  (4623,2781)  (4839,3008)  (4725,3061)  (4679,2726)  (4735,2726)  (4647,2670)  (4703,2670)
Trotwide  (631,1367)  (575,1353)  (686,1423)  (577,1297)
Tuatala  (5777,520)  (5812,576)  (5722,464)  (5713,408)
Bay of Kolophus  (1434,2633)  (1378,2688)  (1378,2632)  (1489,2689)  (1434,2577)  (1490,2577)  (1490,2633)  (1433,2744)  (1377,2744)  (1321,2717)  (1381,2521)  (1437,2521)  (1546,2656)
Upper Tierk  (1122,773)
Wundgarten  (1340,3593)  (1284,3648)  (1357,3649)  (1379,3537)  (1435,3520)  (1387,3705)
Conquerors Bridge  (3929,1263)
Upper Rhei  (4651,60)
Rushing River  (5529,352)
Utata Mba  (5578,3172)  (5522,3221)  (5522,3165)  (5633,3228)  (5578,3116)  (5515,3109)  (5577,3277)  (5689,3215)  (5665,3284)  (5502,3053)  (5558,3053)
Takoro  (2365,3737)  (2309,3792)  (2309,3736)  (2375,3793)  (2365,3681)  (2421,3681)  (2421,3737)  (2253,3747)  (2378,3849)  (2477,3724)
Snows of Mirgorond  (5714,2602)  (5754,2658)  (5690,2546)  (5698,2684)  (5629,2510)  (5685,2490)  (5733,2740)  (5677,2740)  (5573,2509)  (5564,2453)  (5517,2523)
Mourning Rift  (1136,2910)
Blue Steppes  (289,2743)  (233,2798)  (233,2742)  (344,2799)  (289,2687)  (345,2703)  (231,2686)  (287,2631)  (239,2575)  (254,2519)
Parghia  (1575,748)  (1519,803)  (1600,804)  (1583,692)  (1639,655)  (1463,812)
Deadcliff  (153,3950)
Forest of Lost Minds  (186,3806)  (130,3845)  (220,3862)  (179,3750)  (242,3752)  (276,3808)  (76,3789)
Castle Tenace  (3606,113)
Oldmire  (4775,1285)  (4719,1268)  (4831,1284)
Saint Arela Bridge  (1938,645)
Cinnamon Basin  (5322,3318)  (5266,3373)  (5266,3317)  (5325,3374)  (5322,3262)  (5378,3262)  (5378,3318)  (5320,3430)  (5286,3206)  (5342,3206)  (5398,3206)
Bridge of Titans  (5618,106)
Coast of Tophnon  (1695,2842)  (1639,2897)  (1639,2841)  (1750,2898)  (1695,2786)  (1751,2786)  (1751,2842)  (1637,2785)  (1694,2953)  (1638,2953)  (1583,2897)  (1583,2841)  (1806,2898)  (1755,2954)  (1582,2954)  (1693,2730)  (1749,2730)  (1805,2730)  (1807,2786)  (1807,2842)  (1581,2785)  (1596,2729)  (1862,2898)  (1526,2978)  (1714,2674)  (1770,2674)  (1863,2756)  (1863,2812)
High Snows  (5550,2887)  (5494,2876)  (5514,2943)  (5606,2880)  (5482,2820)
Coast of Bontam  (6425,3299)  (6444,3355)  (6388,3355)  (6405,3243)  (6444,3411)  (6388,3411)  (6424,3187)  (6444,3467)  (6424,3131)
Lustering Rock  (298,1371)
Zaff  (5170,2540)  (5114,2519)  (5205,2596)  (5149,2596)  (5170,2484)  (5092,2463)  (5261,2629)  (5036,2498)  (5305,2685)
Tierk Bank  (1102,860)  (1050,804)  (1129,916)  (994,815)  (1073,968)  (1130,972)
Mossy Bridge  (2997,318)
Tzis  (5320,2369)  (5264,2398)  (5264,2342)  (5375,2425)  (5320,2313)  (5376,2313)  (5376,2369)  (5208,2367)  (5208,2311)  (5431,2428)  (5311,2257)  (5152,2338)  (5152,2282)
Tronjian Veturfjoll  (699,333)  (755,293)
Saint Dimothe  (2038,510)  (2074,566)  (2018,566)  (1994,454)  (2050,454)  (2094,510)  (2106,449)  (2065,622)  (1992,398)  (2048,398)  (2060,678)  (2035,342)
Panga  (6353,1407)  (6297,1462)  (6307,1351)  (6363,1351)  (6409,1407)  (6318,1518)  (6241,1502)
Dusty Barrier  (2293,625)  (2237,669)  (2237,613)  (2349,595)  (2349,651)  (2181,674)  (2181,618)  (2405,608)  (2177,562)  (2461,630)
Crumbling Cliffs  (90,3470)  (34,3525)  (34,3469)  (93,3526)  (90,3414)  (146,3414)  (146,3470)  (32,3413)  (37,3581)  (88,3358)  (202,3413)  (202,3469)  (0,3357)  (16,3637)  (258,3395)  (258,3451)  (15,3693)  (314,3385)
Prometheia  (3080,3055)  (3024,3065)  (3024,3009)  (3118,3111)  (3080,2999)  (3136,3017)  (3062,3121)  (3118,3167)  (3108,2943)
Springshire  (3504,589)  (3448,584)  (3544,645)  (3560,555)  (3392,582)  (3616,513)  (3672,507)
Calm Sea  (2659,2364)  (2603,2419)  (2603,2363)  (2714,2420)  (2659,2308)  (2715,2308)  (2715,2364)  (2601,2307)  (2658,2475)  (2602,2475)  (2547,2374)  (2770,2431)  (2714,2476)  (2657,2252)  (2713,2252)  (2545,2318)  (2545,2262)  (2601,2251)  (2781,2487)  (2519,2206)  (2658,2531)  (2725,2532)  (2657,2196)  (2575,2195)  (2834,2543)  (2778,2588)  (2722,2588)  (2569,2139)
Beimor  (49,1080)  (104,1136)  (48,1136)  (0,1024)  (105,1060)  (0,968)  (0,912)
Upper Greenflow  (6106,1026)
Amber Island  (2645,2105)
Pepper Island  (1791,1024)  (1782,1103)
Taakorn  (5335,653)
Beastthicket  (1365,13)  (1309,14)  (1420,69)  (1421,0)  (1364,70)  (1253,4)  (1476,56)  (1477,0)  (1407,126)
Carlatum  (3006,891)  (2950,920)  (3051,835)  (2894,924)  (2838,934)
Flaming Throne  (2785,3693)
Koumizai  (2953,3473)
Land of the Saddleborn  (114,1971)  (58,2026)  (58,1970)  (138,1915)  (170,1971)  (194,1906)  (96,2082)  (40,2082)  (2,2026)  (2,1970)  (226,1962)  (282,1931)
Goldwood Forest  (5153,2822)  (5097,2877)  (5097,2821)  (5208,2878)  (5153,2766)  (5209,2766)  (5152,2933)  (5102,2710)  (5158,2710)
Outer March  (6317,251)  (6261,264)  (6261,208)  (6373,229)  (6373,285)  (6239,152)  (6429,225)  (6429,281)
Kongon  (6238,3267)  (6182,3267)
Araghor  (2904,1744)  (2848,1782)  (2848,1726)  (2959,1800)  (2960,1713)
Skylizard Pass  (4714,1038)
Headless Akayama  (5521,3342)
Lands of the Blood Clan  (77,49)  (21,98)  (21,42)  (133,0)  (133,56)  (189,0)  (189,56)
Wirree  (5221,300)  (5165,296)  (5277,277)  (5277,333)  (5131,240)  (5333,324)  (5104,184)  (5389,324)
Lone Grove  (200,2232)
Nadeoki  (1997,3755)  (2052,3811)  (1996,3811)  (1964,3699)  (1909,3643)
Nzuku Pale  (5873,3070)  (5817,3125)  (5887,3126)  (5846,3014)  (5902,3014)  (5814,3181)  (5836,2958)  (5892,2958)
Mounds of Rimereach  (254,457)  (198,472)  (310,435)  (177,416)
Rainwood  (5314,3061)  (5258,3105)  (5258,3049)  (5369,3117)  (5370,3020)  (5257,2993)  (5425,3076)  (5435,3132)
Cave River  (5231,720)
Robberden  (2656,1582)
Dense Heights  (5356,2863)  (5300,2859)  (5411,2919)  (5355,2919)  (5356,2807)
Goldgapes  (3638,1724)  (3582,1779)  (3693,1780)  (3621,1668)  (3694,1670)  (3526,1757)  (3750,1660)
Falcontown  (644,2761)  (639,2705)
Antimyletes  (1702,1745)
Warding Spikes  (3037,1194)  (2981,1222)  (3026,1138)
Kroson  (942,1706)
Orut Estuary  (1206,1699)
Rum Um  (5701,3103)
Secret Glade  (6015,2637)
Ledkholm  (781,956)  (725,1011)  (826,1012)  (756,900)  (812,900)  (736,844)
Barrelcoast  (1819,668)  (1763,703)  (1859,724)  (1849,583)  (1854,527)
South Skylake  (3769,872)  (3713,927)  (3824,928)  (3737,816)  (3793,816)  (3825,872)  (3703,983)  (3647,993)  (3647,937)  (3596,707)  (3697,1049)  (3591,938)  (3538,730)  (3535,938)  (3516,882)  (3510,826)  (3485,1035)  (3479,979)  (3460,923)  (3429,1047)  (3423,991)  (3373,1049)  (3317,1068)
Shmertz  (1992,3545)
Redridge  (2138,1835)  (2082,1843)  (2194,1795)  (2194,1851)  (2049,1787)  (2026,1856)  (2250,1817)  (1993,1800)  (1970,1867)
Port Prometh  (3233,2934)
Brown Sea  (3893,3832)  (3837,3887)  (3837,3831)  (3948,3888)  (3893,3776)  (3949,3776)  (3949,3832)  (3835,3775)  (3892,3943)  (3836,3943)  (3781,3887)  (3781,3831)  (4004,3888)  (4004,3944)  (3948,3944)  (3780,3944)  (3915,3720)  (4005,3764)  (4005,3820)  (3779,3775)  (3779,3719)  (3835,3719)  (3725,3888)  (3725,3832)  (4060,3876)  (4060,3932)  (3724,3944)  (4061,3786)  (3723,3776)  (3723,3720)  (3746,3663)  (3669,3888)  (3669,3832)  (3668,3944)  (3667,3776)
Sailorshore  (2526,1536)  (2470,1556)  (2470,1500)  (2542,1592)  (2599,1474)  (2414,1522)  (2414,1466)  (2551,1648)
Torn Rock  (4582,2251)
Mangrove Lake  (2248,3295)
Malachite Ridge  (2337,2246)  (2281,2278)  (2393,2202)  (2411,2146)  (2225,2313)
Zarek  (851,1509)  (795,1535)  (795,1479)  (851,1453)  (907,1505)  (739,1544)  (963,1523)
Ephia  (1434,2202)  (1378,2217)  (1378,2161)  (1434,2146)  (1490,2196)
Whitewood  (25,730)  (80,786)  (24,786)  (0,674)  (81,730)  (0,618)
Catulis  (3854,2269)  (3798,2266)
Lakeward  (3840,518)
Palpatus  (3318,1765)  (3262,1820)  (3262,1764)  (3333,1709)  (3389,1694)  (3206,1867)  (3206,1811)  (3363,1638)  (3445,1731)
Valley of Zin  (2961,3249)  (2905,3304)  (2905,3248)  (3016,3305)  (2961,3193)  (3017,3230)  (2849,3281)  (3072,3286)
Marshes of the Banished  (620,3408)  (564,3463)  (564,3407)  (675,3464)  (620,3352)  (676,3380)  (562,3351)  (508,3503)  (508,3447)  (731,3436)  (731,3492)  (732,3380)  (506,3391)  (506,3335)  (562,3295)  (787,3436)  (843,3405)
Lathaon  (1435,2896)  (1379,2895)
Lone Peak  (4998,301)
Lakesmud  (6336,1211)  (6280,1232)  (6280,1176)  (6392,1204)  (6392,1260)  (6271,1120)  (6224,1221)
Akayama  (5093,3624)  (5022,3568)
Silent Naurorodrim  (2869,3378)  (2813,3388)  (2757,3392)  (3043,3384)
Stompwide  (409,594)  (353,608)  (353,552)  (464,650)  (465,564)  (297,586)
Newtzil  (5359,1548)
The Princedom Behind  (4750,3607)  (4936,3610)  (4955,3666)
Shadeweald  (1139,3897)  (1083,3944)  (1083,3888)  (1139,3841)  (1195,3871)  (1195,3927)  (1073,3832)  (1027,3944)  (1129,3785)  (1251,3881)  (1251,3937)  (1017,3779)  (1073,3776)
Quaternity Peak  (1168,499)
Sea of Prometh  (2983,2845)  (2927,2828)  (3035,2901)  (2909,2772)  (2853,2750)  (2831,2694)  (3143,2840)  (2775,2721)  (3199,2821)  (3274,2823)  (3334,2869)  (3349,2925)
Gol Aster  (3626,823)
Nakaula Wilderness  (5989,488)  (5933,535)  (5996,432)  (6045,488)
Ryedowns  (3198,194)  (3254,198)  (3152,138)  (3213,254)
Huntergrave  (636,838)
Ford Kheiron  (5957,1071)
East Hot Sea  (5575,3829)  (5519,3884)  (5519,3828)  (5630,3885)  (5575,3773)  (5631,3773)  (5631,3829)  (5517,3772)  (5574,3940)  (5518,3940)  (5463,3884)  (5463,3828)  (5686,3885)  (5686,3941)  (5630,3941)  (5462,3941)  (5573,3717)  (5660,3717)  (5687,3773)  (5687,3829)  (5461,3772)  (5461,3716)  (5517,3716)  (5407,3885)  (5407,3829)  (5742,3885)  (5742,3941)  (5406,3944)  (5743,3757)  (5743,3813)  (5405,3773)  (5405,3717)  (5351,3834)  (5798,3869)  (5799,3784)  (5349,3778)  (5349,3722)  (5293,3711)
Smugmud  (6207,612)  (6151,652)  (6151,596)  (6263,574)  (6263,630)  (6095,624)  (6095,568)  (6319,583)  (6319,639)  (6375,608)
Rumbling Ford  (457,2720)
Otterwood  (2906,559)  (2850,594)  (2850,538)  (2961,615)  (2906,503)  (2962,503)  (2962,559)  (2905,650)  (2794,586)
Tophna Castle  (1956,3200)
Nautis  (3371,2394)
Feneth  (3329,3107)  (3273,3162)  (3273,3106)  (3370,3163)  (3329,3051)  (3385,3051)  (3385,3107)  (3271,3050)  (3337,3219)
Kragbarts Dominion  (395,730)  (339,761)  (339,705)  (451,711)
Galetop  (5381,1401)  (5325,1432)  (5325,1376)  (5437,1381)  (5437,1437)  (5269,1385)
Lizardmarch  (5070,1078)  (5014,1074)  (5074,1134)  (5126,1047)  (5182,1043)
Beaver Sea  (5929,1890)  (5873,1918)  (5873,1862)  (5984,1946)  (5929,1834)  (5985,1834)  (5985,1890)  (5928,1974)  (5844,1806)  (5966,1778)  (6048,1984)  (5862,1750)  (6104,1988)  (6116,2044)  (6226,2107)  (6245,2163)  (6282,2073)  (6301,2129)  (6301,2185)  (6323,2241)  (6357,2122)
Brang Hill  (2447,2537)  (2483,2481)  (2317,2517)  (2253,2573)
Hazehaven  (2818,1410)
Crossings of Metterlink  (1942,96)
Moontown  (4442,151)
East Brown Sea  (4347,3875)  (4291,3930)  (4291,3874)  (4402,3931)  (4347,3819)  (4403,3819)  (4403,3875)  (4289,3818)  (4235,3944)  (4235,3888)  (4458,3931)  (4459,3784)  (4459,3840)  (4233,3832)  (4233,3776)  (4179,3944)  (4179,3888)  (4514,3904)  (4177,3832)
Willowland  (6001,919)  (5945,933)  (5945,877)  (6056,975)  (6097,919)  (5902,821)  (5889,881)  (6153,925)
Featherwall  (5307,826)  (5295,882)  (5301,770)
Oggerdal  (2956,2096)
Theania  (2020,1602)  (1964,1657)  (1985,1546)  (2041,1546)  (2097,1525)  (1937,1713)
Secret Warpath  (2748,3274)
Thiefpeak  (4207,2085)  (4263,2085)  (4151,2105)  (4121,2161)  (4319,2086)
Withered Mountains  (6403,1574)  (6390,1518)  (6316,1598)
East Night Mountains  (2860,3146)  (2674,3187)  (2928,3077)
Priboy  (4500,2021)  (4444,2076)  (4522,2077)  (4468,1965)  (4524,1965)  (4466,2132)  (4531,2133)  (4465,1909)
Sagittaria  (3534,1381)  (3467,1356)  (3590,1381)  (3411,1363)  (3646,1415)
Lavenderbank  (4401,283)  (4345,314)  (4345,258)  (4453,339)  (4457,262)  (4333,202)  (4397,370)
East Ghostlake  (787,3819)
Alba Arx  (2948,788)  (2892,795)
Floodwood  (2035,148)  (2040,92)  (2046,204)  (2096,77)  (1990,243)  (2033,36)  (2048,260)  (1976,299)
Prostorpol  (811,1319)  (755,1366)  (755,1310)  (867,1334)  (745,1254)
Orutswamp  (530,2799)  (568,2855)  (624,2869)  (551,2670)  (633,2925)  (515,2614)  (527,2558)  (583,2551)
Harmarkt  (1512,3944)  (1456,3944)  (1568,3941)  (1400,3944)  (1624,3938)
Upper Rushing River  (5697,6)
Rapids of Sis  (5453,2753)
Rubeatim  (4000,977)  (3958,921)  (4060,1003)  (3944,992)  (4116,1010)
Mudmede  (3968,207)  (3912,184)  (4023,263)  (3967,263)  (3968,151)
Snakewater  (3043,480)
Manknoll  (3108,697)  (3052,738)  (3052,682)  (3163,753)  (3108,641)  (3041,626)  (3062,570)
Lower Rhei  (4456,435)
Tarblos  (2389,738)  (2301,725)
Silverhall  (903,65)  (847,107)  (847,51)  (951,121)  (903,9)  (959,9)
Canyon of Fate  (5557,669)  (5501,688)  (5613,634)
East Akayama  (5382,3542)  (5233,3486)  (5485,3542)  (5177,3469)
Harplatt  (1715,3759)  (1659,3814)  (1742,3815)  (1704,3703)  (1760,3703)  (1816,3658)  (1616,3870)  (1698,3647)  (1754,3647)  (1560,3873)  (1504,3857)
Wheir Hills  (4403,779)  (4389,835)  (4462,751)  (4463,695)  (4333,866)  (4519,703)
Goathills  (1209,2086)  (1264,2142)  (1208,2142)  (1158,2030)  (1214,2030)  (1265,2086)  (1206,2198)  (1180,1974)  (1236,1974)
Targus  (1563,3185)  (1507,3240)  (1507,3184)  (1618,3241)  (1619,3134)  (1505,3128)  (1451,3189)  (1675,3136)
Tiulis  (3323,849)  (3267,904)  (3267,848)  (3333,905)  (3323,793)  (3379,811)  (3333,961)
Lower Little Hla  (4062,1395)
Foulcreep  (360,3843)  (304,3898)  (386,3899)  (369,3787)  (425,3778)  (442,3912)  (381,3722)  (437,3722)  (493,3710)
Eagerplowshire  (3533,403)  (3477,458)  (3477,402)  (3551,459)  (3533,347)  (3589,375)  (3475,346)  (3607,431)  (3419,383)  (3404,327)  (3663,385)
Ree Vale  (4860,488)  (4804,543)  (4804,487)  (4915,544)  (4916,457)  (4802,431)  (4972,490)
Tophnon  (1908,3042)  (1852,3097)  (1852,3041)  (1935,2986)  (1964,3042)  (1991,2959)  (1796,3124)  (1796,3068)  (1740,3083)
Storkridge  (5855,374)  (5799,409)  (5799,353)  (5911,366)
Deren Estuary  (4488,1816)
Coppertop  (4141,231)  (4147,287)  (4091,175)  (4147,175)  (4197,231)  (4203,169)  (4091,304)  (4124,119)  (4095,360)
Wormground  (2615,1807)  (2559,1829)  (2626,1863)  (2574,1751)
Willows Weep  (6053,809)
Langrad  (2762,2838)
Antlerrock  (1735,1418)
Alphoron  (2089,3306)  (2033,3361)  (2033,3305)  (2145,3291)  (2063,3249)
Parlaphus  (1975,2263)  (1919,2318)  (1919,2262)  (2030,2319)  (1975,2207)  (2031,2207)  (2031,2263)  (1917,2206)  (1974,2374)  (2086,2319)  (2040,2375)  (1973,2151)  (1861,2249)  (1916,2150)  (1939,2094)
Old Home  (352,2060)  (296,2115)  (296,2059)  (406,2116)  (352,2004)  (408,2004)  (408,2060)  (350,2171)  (240,2118)  (240,2062)  (356,1948)  (412,1948)  (464,2004)  (468,1944)  (326,2227)  (184,2124)  (184,2068)  (412,1892)
Timeheart  (4907,781)  (4851,803)
Madmans Passage  (6301,2357)  (6245,2352)  (6356,2413)  (6357,2313)  (6198,2296)  (6412,2369)  (6412,2425)  (6441,2481)  (6444,2537)
Lower Tronjrond  (433,206)  (377,209)  (488,262)  (459,150)  (489,206)  (321,212)
North Fides  (1381,525)  (1325,533)  (1437,488)  (1437,544)  (1269,510)
Kradstrand  (2572,2728)  (2516,2783)  (2516,2727)  (2627,2784)  (2572,2672)  (2628,2672)  (2628,2728)  (2514,2671)  (2647,2840)  (2570,2616)
Owlwatch  (3971,13)  (3915,59)  (3915,3)  (4026,69)  (4027,0)  (3859,49)  (4083,0)
Pilgrimshore  (1433,364)  (1377,419)  (1411,308)  (1489,399)  (1321,416)
Tzil Sesseh  (4415,1205)
Halls of Kragbart  (420,886)
South Fides  (1353,635)  (1297,650)  (1409,628)  (1409,684)  (1241,647)  (1465,637)  (1227,591)
Last Bastion  (6126,130)
Frogcoast  (4936,2382)  (4880,2437)  (4880,2381)  (4945,2438)  (4936,2326)  (4992,2326)  (4992,2382)  (4878,2325)  (4889,2493)  (4833,2493)  (4945,2494)  (4934,2270)  (4990,2270)  (5046,2270)  (4889,2549)  (4833,2549)  (4949,2550)  (4913,2214)  (4969,2214)  (5025,2214)  (5081,2214)  (4887,2605)  (4831,2605)  (5077,2158)
Clove Coast  (4967,3426)  (4828,3429)  (5023,3429)  (4772,3430)
Nimblemud  (5857,3459)  (5801,3499)  (5801,3443)  (5914,3429)  (5745,3508)  (5970,3380)
Olive Coast  (1348,2394)  (1292,2449)
Snake Ridge  (5381,2161)  (5338,2105)  (5437,2205)  (5465,2261)  (5338,2049)  (5330,1993)  (5290,1937)
Newmire  (5197,1511)  (5141,1566)  (5141,1510)  (5242,1567)  (5197,1455)  (5253,1455)  (5139,1454)  (5234,1623)  (5195,1399)  (5135,1398)
Ardinis  (4152,2867)
Cedargrove  (2375,2379)  (2319,2425)  (2319,2369)  (2402,2435)  (2391,2323)  (2431,2379)  (2447,2313)
Alba Sagitta  (3559,1274)  (3549,1218)
High Naurorodrim  (2487,3463)  (2431,3518)  (2543,3448)
Darbuk  (1267,162)  (1211,188)  (1211,132)  (1322,218)  (1267,106)  (1196,76)  (1378,195)
Holehwood  (4686,1404)  (4630,1387)  (4740,1460)  (4612,1331)  (4668,1331)  (4756,1516)
Gleamcrag  (3810,1831)  (3834,1887)  (3772,1775)
Great Ocean  (6340,3731)  (6284,3786)  (6284,3730)  (6395,3787)  (6340,3675)  (6396,3675)  (6396,3731)  (6282,3674)  (6339,3842)  (6283,3842)  (6228,3786)  (6228,3730)  (6444,3843)  (6338,3619)  (6394,3619)  (6226,3674)  (6226,3618)  (6282,3618)  (6388,3898)  (6332,3898)  (6172,3769)  (6444,3899)  (6338,3563)  (6394,3563)  (6170,3713)  (6170,3657)  (6170,3601)
Walls of Kard  (1061,186)
Negracollis  (3230,1461)  (3265,1517)  (3205,1332)  (3209,1547)
Great Hla  (4253,1040)
Mouth of Death  (1232,1256)
Pass of Heimard  (645,475)
Rabbitrun  (3845,324)  (3789,349)  (3789,293)  (3900,380)  (3845,268)  (3783,237)  (3733,339)  (3956,364)  (3940,436)  (3697,283)
Hewnhill  (1590,1500)  (1534,1532)  (1534,1476)  (1645,1556)  (1590,1444)  (1646,1478)
West Brown Sea  (3354,3811)  (3298,3866)  (3298,3810)  (3409,3867)  (3354,3755)  (3410,3755)  (3410,3811)  (3296,3754)  (3353,3922)  (3297,3922)  (3242,3866)  (3242,3810)  (3465,3867)  (3465,3923)  (3409,3923)  (3241,3923)  (3352,3699)  (3408,3699)  (3464,3699)  (3466,3755)  (3466,3811)  (3240,3754)  (3240,3698)  (3296,3698)  (3186,3867)  (3186,3811)  (3521,3867)  (3521,3923)  (3185,3944)  (3522,3713)  (3522,3769)  (3184,3755)  (3184,3699)  (3184,3643)  (3130,3888)  (3130,3832)  (3577,3825)  (3577,3881)  (3577,3937)  (3129,3944)  (3136,3587)  (3578,3746)  (3128,3776)  (3128,3720)  (3128,3664)  (3074,3888)  (3074,3832)  (3072,3776)  (3072,3720)  (3072,3664)  (3016,3760)  (3016,3704)  (3016,3648)
Greatfang  (5107,3205)  (5051,3192)  (5163,3193)
Fairridge  (4300,1544)  (4244,1586)  (4244,1530)  (4355,1600)  (4356,1512)  (4229,1474)  (4311,1656)
Kingsdelving  (3713,1926)  (3657,1937)  (3672,1870)  (3769,1965)
Princes Pass  (4902,3513)
Grace Hill  (2838,3011)  (2782,3066)  (2810,2955)  (2866,2955)  (2894,3011)  (2736,3122)  (2866,2899)
Teardrop Island  (6431,1003)
Mosenna  (3366,1901)  (3310,1940)  (3397,1845)  (3453,1814)
Wasanali  (116,2842)  (106,2786)
Dvoretz  (1015,646)
Lihland  (4522,1409)  (4466,1406)  (4578,1448)  (4454,1350)  (4510,1350)  (4608,1504)  (4398,1397)  (4398,1341)  (4664,1543)  (4668,1599)
Duskdale  (2334,2958)  (2278,2990)  (2374,2902)  (2430,2862)  (2222,3030)  (2373,2842)  (2173,2974)  (2362,2786)  (2117,2957)
Portaferra  (3170,1184)
Monsters March  (684,3601)  (628,3632)  (628,3576)  (740,3571)  (757,3627)  (572,3642)  (572,3586)  (796,3552)  (813,3608)  (516,3625)  (852,3550)
Wetbank  (4370,628)  (4314,683)  (4394,684)  (4404,572)  (4460,584)
Orut Bank  (732,1918)  (676,1973)  (743,1974)  (734,1862)  (790,1852)  (620,1991)  (620,1935)  (564,1991)  (564,1935)
Kea Talala  (6356,493)  (6300,503)  (6412,468)  (6412,524)  (6244,506)
The Endless Bridge  (696,3718)
Greathunt  (4863,48)  (4807,99)  (4807,43)  (4918,104)  (4919,0)  (4841,155)  (4751,41)  (4974,85)  (4975,0)
Agony  (217,3538)  (291,3527)  (175,3596)  (347,3507)  (162,3652)  (106,3672)  (384,3563)  (400,3619)  (403,3500)
Lauta  (3506,2500)
Phobetors Passage  (2558,3151)
Watchful Land  (2280,3417)  (2224,3472)  (2224,3416)  (2280,3361)  (2336,3361)  (2336,3417)  (2210,3528)  (2168,3466)  (2168,3410)  (2338,3305)
Beaverport  (5765,1965)
Acorn Ridge  (5718,1366)  (5745,1467)  (5669,1310)  (5780,1523)  (5724,1523)
Trembling Naurorodrim  (2129,3573)  (2194,3600)  (2107,3505)
Monkey Island  (4302,2661)
Straits of the Explorer  (5573,2008)  (5517,2028)  (5628,2064)  (5629,2004)  (5572,2084)  (5423,1926)  (5712,1856)  (5368,1870)  (5667,1800)  (5723,1800)  (5687,1744)  (5609,1681)  (5541,1678)  (5476,1636)
Coral Coast  (5426,3606)  (5370,3618)  (5482,3615)  (5314,3641)  (5538,3624)
Hla  (4288,1371)
Guiding Peak  (1,1429)  (0,1242)
Mianeve  (2527,112)
Longtongue  (5441,1732)  (5385,1740)  (5385,1684)  (5497,1742)  (5329,1691)  (5553,1742)  (5572,1798)
Potterbank  (377,2986)  (321,3029)  (321,2973)  (432,3042)  (377,2930)  (433,2943)  (307,2917)  (265,3011)  (488,3001)  (251,2955)
Wetwood  (6368,801)  (6371,857)  (6336,745)  (6392,745)  (6424,801)  (6315,879)  (6371,913)  (6427,689)  (6242,926)
Swordhills  (1644,408)  (1700,358)  (1599,470)
New Oldport  (5732,2249)
Whitehorse  (570,2160)
Hammer of the Sea  (4211,3684)
Burnt Plains  (87,2440)  (31,2495)  (31,2439)  (142,2496)  (87,2384)  (143,2384)  (143,2440)  (29,2383)  (86,2551)  (30,2551)  (161,2552)  (85,2328)  (199,2348)  (199,2404)  (199,2460)  (0,2327)  (105,2607)  (171,2608)  (56,2272)  (0,2271)  (115,2663)  (56,2216)  (0,2215)
Ashpass  (2659,3446)
Orut  (673,2090)
Sepsa  (6163,1899)  (6107,1923)  (6185,1955)  (6219,1861)  (6095,1867)
Mushroom Forest  (6138,2612)  (6145,2668)  (6107,2556)
Cave of the Necromancer  (39,3914)
Deersdash  (2905,1049)  (2849,1104)  (2849,1048)  (2931,1105)  (2961,1011)  (2987,1067)  (2793,1104)
Winter Peak  (1106,-14)
Kraken Cape  (4706,2335)  (4650,2390)  (4761,2391)  (4692,2279)  (4748,2279)  (4762,2335)  (4804,2237)  (4705,2446)  (4649,2446)  (4594,2390)  (4593,2447)  (4692,2223)  (4748,2223)  (4804,2181)  (4730,2502)  (4674,2502)  (4618,2503)  (4562,2503)  (4537,2447)  (4673,2167)  (4729,2167)  (4616,2137)  (4677,2558)  (4621,2559)  (4672,2111)  (4728,2111)  (4603,2081)  (4659,2055)
Uncharted Lands  (6273,15)  (6217,42)  (6329,0)  (6329,56)  (6369,112)  (6161,14)  (6385,0)  (6385,56)  (6105,14)  (6441,0)
Copperhills  (1034,2509)  (1070,2428)  (978,2564)  (1034,2565)  (1126,2393)  (1054,2372)  (978,2620)  (1113,2337)  (981,2676)
Sunflower Ridge  (2678,766)  (2622,767)  (2734,772)  (2619,711)  (2790,762)  (2563,734)  (2802,818)  (2507,725)
Rat Cave  (5135,3539)  (5079,3513)
North Garagon  (1236,2344)  (1226,2400)  (1272,2288)  (1328,2279)  (1274,2223)
Sis Estuary  (5159,2412)
South Garagon  (1248,3144)  (1192,3199)  (1199,3088)  (1318,3167)  (1152,3258)  (1419,3256)
Mirgorond  (5592,2620)
Partheia  (886,2464)  (830,2519)  (830,2463)  (904,2520)  (886,2408)  (942,2408)  (828,2407)  (848,2575)  (884,2352)  (940,2352)  (998,2440)  (868,2631)  (869,2687)
Weegorn Ford  (5629,514)
Langvale  (2600,3022)  (2544,3044)  (2569,2966)  (2625,2966)  (2656,3031)
Pontica  (2112,1936)  (2056,1945)  (2168,1912)  (2000,1945)
Stormworn Peak  (344,995)
Andal  (2695,887)  (2639,884)  (2725,943)  (2751,876)
Soksar  (2693,80)  (2637,58)  (2733,136)  (2677,153)  (2581,59)  (2579,3)
Treasure Island  (2037,1405)
Fords of Rhei  (4567,220)
Avita  (3636,2215)  (3580,2218)  (3619,2159)
Unending Dungeons  (5558,3454)
Adventurers Reef  (4449,2927)
Spice Downs  (1071,3393)  (1015,3421)  (1015,3365)  (1127,3356)  (1127,3412)  (959,3425)  (959,3369)  (1183,3395)  (1183,3451)
Saint Roka Monastery  (1833,414)
Boront Hills  (4268,1942)  (4212,1974)  (4212,1918)  (4323,1998)  (4268,1886)  (4324,1886)  (4324,1942)  (4156,1999)  (4156,1943)  (4380,1942)  (4100,1963)
Bastion of Lihland  (4224,1248)  (4168,1240)
Roaring Gate  (3103,1316)
Green Sea  (4814,1859)  (4758,1914)  (4758,1858)  (4819,1915)  (4814,1803)  (4756,1802)  (4875,1883)  (4870,1796)  (4763,1970)  (4707,1970)  (4702,1914)  (4702,1858)  (4812,1747)  (4926,1747)  (4931,1882)  (4868,1740)  (4819,1992)  (4882,1998)  (4646,1956)  (4988,1698)  (4897,1684)  (4826,2048)  (5003,1754)  (4935,2054)  (5026,2072)  (5044,1663)  (5059,1719)  (5059,1775)  (4960,2110)  (5068,2015)  (5082,2071)  (5115,1665)  (5115,1721)  (5115,1777)  (5116,1863)  (5124,1998)  (5138,2054)  (5144,1919)  (5171,1721)  (5171,1777)  (5172,1833)  (5200,1889)  (5227,1725)  (5228,1781)  (5256,1837)  (5284,1750)